/*********************************************
 * OPL 12.10.0.0 Data 
 * Creation Date: Dec 22, 2019 at 12:53:32 AM
 *********************************************/

// jobs = 4;
// 
// p = [2,4,3,7];
// d = [8,6,5,6]; 
// r = [2,3,2,4];
// 

jobs = 40;
p = [
11
11,
12,
14,
6,
13,
8,
17,
19,
5,
2,
5,
14,
8,
12,
4,
11,
11,
2,
10,
18,
2,
19,
18,
7,
6,
18,
9,
11,
11,
13,
10,
8,
15,
4,
11,
19,
2,
11,
10	
];

d = [
	27,
24,
36,
19,
22,
21,
40,
35,
34,
35,
26,
35,
24
38,
36,
21,
40,
20,
37,
19,
24,
32,
31,
26,
33,
33,
34,
22,
24,
38,
31,
21,
32,
20,
21,
39,
25,
33,
19,
23	
];

r = [
49,
30,
13,
23,
17,
16,
25,
46,
23,
34,
29,
11,
48,
17,
47,
30,
13,
45,
35,
12,
50,
17,
49,
47,
46,
29,
23,
26,
46,
15,
27,
28,
23,
39,
48,
39,
30,
49,
42,
35
];